100 100 100 1 1 1 1 1
200 200 200 1 1 1 1 1
300 300 300 1 1 1 1 1
400 400 400 1 1 1 1 1
500 500 500 1 1 1 1 1
600 600 600 1 1 1 1 1
700 700 700 1 1 1 1 1
800 800 800 1 1 1 1 1
900 900 900 1 1 1 1 1
1000 1000 1000 1 1 1 1 1
1100 1100 1100 1 1 1 1 1
1200 1200 1200 1 1 1 1 1
1300 1300 1300 1 1 1 1 1
1400 1400 1400 1 1 1 1 1
1500 1500 1500 1 1 1 1 1
1600 1600 1600 1 1 1 1 1
1700 1700 1700 1 1 1 1 1
1800 1800 1800 1 1 1 1 1
1900 1900 1900 1 1 1 1 1
2000 2000 2000 1 1 1 1 1
2100 2100 2100 1 1 1 1 1
2200 2200 2200 1 1 1 1 1
2300 2300 2300 1 1 1 1 1
2400 2400 2400 1 1 1 1 1
2500 2500 2500 1 1 1 1 1
2600 2600 2600 1 1 1 1 1
2700 2700 2700 1 1 1 1 1
2800 2800 2800 1 1 1 1 1
2900 2900 2900 1 1 1 1 1
3000 3000 3000 1 1 1 1 1
3100 3100 3100 1 1 1 1 1
3200 3200 3200 1 1 1 1 1
3300 3300 3300 1 1 1 1 1
3400 3400 3400 1 1 1 1 1
3500 3500 3500 1 1 1 1 1
3600 3600 3600 1 1 1 1 1
3700 3700 3700 1 1 1 1 1
3800 3800 3800 1 1 1 1 1
3900 3900 3900 1 1 1 1 1
4000 4000 4000 1 1 1 1 1
4100 4100 4100 1 1 1 1 1
4200 4200 4200 1 1 1 1 1
4300 4300 4300 1 1 1 1 1
4400 4400 4400 1 1 1 1 1
4500 4500 4500 1 1 1 1 1
4600 4600 4600 1 1 1 1 1
4700 4700 4700 1 1 1 1 1
4800 4800 4800 1 1 1 1 1
4900 4900 4900 1 1 1 1 1
5000 5000 5000 1 1 1 1 1
5100 5100 5100 1 1 1 1 1
5200 5200 5200 1 1 1 1 1
5300 5300 5300 1 1 1 1 1
5400 5400 5400 1 1 1 1 1
5500 5500 5500 1 1 1 1 1
5600 5600 5600 1 1 1 1 1
5700 5700 5700 1 1 1 1 1
5800 5800 5800 1 1 1 1 1
5900 5900 5900 1 1 1 1 1
6000 6000 6000 1 1 1 1 1
6100 6100 6100 1 1 1 1 1
6200 6200 6200 1 1 1 1 1
6300 6300 6300 1 1 1 1 1
6400 6400 6400 1 1 1 1 1
6500 6500 6500 1 1 1 1 1
6600 6600 6600 1 1 1 1 1
6700 6700 6700 1 1 1 1 1
6800 6800 6800 1 1 1 1 1
6900 6900 6900 1 1 1 1 1
7000 7000 7000 1 1 1 1 1
7100 7100 7100 1 1 1 1 1
7200 7200 7200 1 1 1 1 1
7300 7300 7300 1 1 1 1 1
7400 7400 7400 1 1 1 1 1
7500 7500 7500 1 1 1 1 1
7600 7600 7600 1 1 1 1 1
7700 7700 7700 1 1 1 1 1
7800 7800 7800 1 1 1 1 1
7900 7900 7900 1 1 1 1 1
8000 8000 8000 1 1 1 1 1
8100 8100 8100 1 1 1 1 1
8200 8200 8200 1 1 1 1 1
8300 8300 8300 1 1 1 1 1
8400 8400 8400 1 1 1 1 1
8500 8500 8500 1 1 1 1 1
8600 8600 8600 1 1 1 1 1
8700 8700 8700 1 1 1 1 1
8800 8800 8800 1 1 1 1 1
8900 8900 8900 1 1 1 1 1
9000 9000 9000 1 1 1 1 1
9100 9100 9100 1 1 1 1 1
9200 9200 9200 1 1 1 1 1
9300 9300 9300 1 1 1 1 1
9400 9400 9400 1 1 1 1 1
9500 9500 9500 1 1 1 1 1
9600 9600 9600 1 1 1 1 1
9700 9700 9700 1 1 1 1 1
9800 9800 9800 1 1 1 1 1
9900 9900 9900 1 1 1 1 1
10000 10000 10000 1 1 1 1 1
