100 537 546
200 1279 1309
300 2108 2149
400 2978 3061
500 3860 3916
600 4805 4880
700 5734 5766
800 6746 6848
900 7732 7919
1000 8711 8962
1100 9756 10069
1200 10801 11131
1300 11831 12159
1400 12848 13238
1500 14001 14289
1600 15036 15413
1700 16145 16487
1800 17242 17613
1900 18285 18779
2000 19381 19778
2100 20546 20878
2200 21665 21828
2300 22819 23172
2400 23963 24441
2500 25138 25683
2600 26282 26997
2700 27338 28148
2800 28602 29465
2900 29755 30587
3000 30951 31788
3100 32105 33162
3200 33247 34411
3300 34452 35714
3400 35619 37024
3500 36895 38227
3600 38063 39444
3700 39264 40595
3800 40398 41854
3900 41594 43033
4000 42884 44377
4100 44081 45623
4200 45261 46686
4300 46504 47847
4400 47708 49081
4500 49000 50341
4600 50259 51581
4700 51409 52900
4800 52794 54328
4900 53997 55488
5000 55253 56746
5100 56479 57838
5200 57781 59310
5300 58941 60509
5400 60234 61788
5500 61540 63194
5600 62814 64434
5700 64023 65730
5800 65306 66808
5900 66607 68081
6000 67918 69373
6100 69131 70566
6200 70410 71850
6300 71670 73065
6400 72984 74278
6500 74305 75491
6600 75488 76577
6700 76851 78100
6800 78045 79486
6900 79435 81009
7000 80706 82400
7100 81984 83835
7200 83309 85169
7300 84536 86563
7400 85819 88043
7500 87192 89567
7600 88457 91032
7700 89789 92563
7800 91055 93950
7900 92332 95334
8000 93635 96658
8100 94891 98049
8200 96267 99482
8300 97550 100698
8400 98949 102290
8500 100241 103533
8600 101547 104878
8700 102945 106278
8800 104196 107577
8900 105585 109061
9000 106978 110372
9100 108303 111943
9200 109651 113523
9300 111098 114866
9400 112280 116341
9500 113664 117656
9600 115065 119330
9700 116371 120845
9800 117722 122176
9900 119125 123827
10000 120486 125242
